01
/u/prof/dfiguls/Public/padroLlarg.csv
02
2010
02
2013
02
2020
02
2023
03
04
2013
04
2014
04
2015
04
2020
2021
04
2022
04
2023
05
2013
0
1
05
2013
2
05
2013
3
05
2013
4
05
2013
5
05
2013
6
05
2024
2023
0
1
05
2023
2
05
2023
3
05
2023
4
05
2023
5
05
2023
6
06
07
1
08
09
10
108
10
112
10
111
10
1000
11
12
13
2018
2023
13
2013
2018
13
2013
2023
14
2013
1
20
108
14
2023
1
20
108
14
2013
1
30
108
14
2023
1
30
108
14
2013
1
20
321
14
2023
1
20
321
14
2013
1
30
321
14
2023
1
30
321
14
2013
1
20
228
14
2023
1
20
228
14
2013
1
30
228
14
2023
1
30
228
0


