42.24518686 1.71632082 1673.078
42.24518686 1.71632082 1673.078
42.24518962 1.71633289 1673.012
42.24521141 1.71638796 1672.766
42.24522692 1.71644102 1672.066
42.24524234 1.71653104 1670.825
42.24525249 1.71659592 1669.928
42.24523706 1.71669281 1668.463
42.24526598 1.71678979 1667.166
42.24534393 1.71687126 1665.038
42.24541593 1.71696832 1662.623
42.24544519 1.71701694 1661.549
42.24548466 1.71711534 1660.005
42.24550151 1.71719933 1659.05
42.24549523 1.71725096 1658.279
42.24546623 1.71735272 1656.195
42.24548425 1.71746093 1654.423
42.24549154 1.71755975 1652.839
42.24550084 1.71765296 1651.487
42.24551040 1.71775429 1650.079
42.24552213 1.71787701 1648.208
42.24552163 1.71798823 1646.142
42.24555541 1.71807448 1645.586
42.24557754 1.71813542 1643.337
42.24557829 1.71824623 1641.042
42.24557494 1.71832678 1639.507
42.24558164 1.71839928 1638.294
42.24562238 1.71851948 1635.799
42.24566689 1.71859425 1634.142
42.24571022 1.71868754 1632.606
42.24573646 1.71879977 1631.559
42.24573327 1.71887831 1631.069
42.24575984 1.71908115 1627.642
42.24579614 1.71918232 1626.653
42.24584056 1.71926228 1625.508
42.24588926 1.71934979 1623.633
42.24590695 1.71935901 1623.602
42.24596847 1.71932020 1624.004
42.24596964 1.71931366 1624.005
42.24598791 1.71922700 1623.72
42.24598439 1.71914971 1623.6
42.24598163 1.71903153 1623.371
42.24598138 1.71902105 1623.353
42.24596042 1.71893757 1624.173
42.24594047 1.71887269 1625.169
42.24592757 1.71881243 1625.725
42.24588113 1.71872777 1628.219
42.24587493 1.71864579 1628.492
42.24587250 1.71863582 1628.628
42.24585481 1.71858586 1629.672
42.24584249 1.71847455 1630.407
42.24596059 1.71830205 1622.418
42.24600837 1.71824329 1619.268
42.24602530 1.71813852 1618.303
42.24605631 1.71800659 1616.495
42.24605832 1.71790215 1617.095
42.24607509 1.71781917 1616.425
42.24611892 1.71773762 1613.558
42.24617341 1.71767467 1609.745
42.24619729 1.71760485 1608.3
42.24618715 1.71747484 1609.681
42.24618866 1.71741290 1609.956
42.24617785 1.71733260 1611.255
42.24616628 1.71728893 1612.397
42.24619444 1.71716667 1611.36
42.24622582 1.71719480 1608.665
42.24623471 1.71711182 1609.025
42.24625188 1.71709011 1608.025
42.24626778 1.71702607 1607.672
42.24626565 1.71699104 1608.276
42.24629274 1.71692457 1607.352
42.24631913 1.71686531 1606.732
42.24636512 1.71673774 1606.177
42.24638782 1.71654076 1608.793
42.24643502 1.71647974 1606.828
42.24642251 1.71634262 1610.114
42.24643684 1.71605503 1610.743
42.24648864 1.71607599 1608.289
42.24653324 1.71609527 1606.095
42.24654791 1.71599049 1604.67
42.24651807 1.71583568 1604.902
42.24651530 1.71581816 1604.502
42.24646954 1.71570467 1602.638
42.24639963 1.71563652 1603.198
42.24637357 1.71558967 1602.767
42.24636803 1.71557492 1602.528
42.24636334 1.71555974 1602.239
42.24634406 1.71547777 1599.576
42.24630282 1.71540971 1598.418
42.24628841 1.71540393 1598.79
42.24626619 1.71532019 1596.133
42.24624021 1.71523419 1593.299
42.24620542 1.71516512 1591.386
42.24620568 1.71513143 1589.718
42.24615027 1.71504535 1587.712
42.24610878 1.71504149 1589.225
42.24604550 1.71501056 1591.312
42.24600317 1.71498718 1592.984
42.24598666 1.71487109 1591.96
42.24598263 1.71481635 1591.301
42.24599127 1.71473488 1589.281
42.24599596 1.71470571 1588.943
42.24603158 1.71467386 1586.709
42.24605941 1.71464830 1584.973
42.24606628 1.71461410 1584.946
42.24607517 1.71456322 1585.007
42.24608053 1.71452089 1585.211
42.24617978 1.71440044 1579.926
42.24624499 1.71429735 1577.519
42.24623929 1.71427396 1578.406
42.24624021 1.71424756 1578.908
42.24624910 1.71417757 1579.823
42.24625060 1.71414614 1580.109
42.24627173 1.71403374 1579.549
42.24629075 1.71395972 1578.849
42.24634054 1.71378069 1577.877
42.24634465 1.71376476 1577.888
42.24640408 1.71363828 1576.461
42.24647373 1.71349428 1571.577
42.24642788 1.71334198 1573.106
42.24630844 1.71323955 1575.93
42.24624977 1.71314358 1577.098
42.24624935 1.71310720 1576.471
42.24625538 1.71297669 1575.552
42.24626033 1.71282951 1575.984
42.24626485 1.71281090 1575.758
42.24627231 1.71274812 1574.832
42.24627969 1.71263170 1572.139
42.24626209 1.71254704 1571.67
42.24625253 1.71249004 1571.112
42.24626628 1.71242114 1568.642
42.24628941 1.71240404 1566.794
42.24631355 1.71243925 1566.139
42.24631875 1.71244486 1565.953
42.24643911 1.71248887 1559.472
42.24648940 1.71250010 1556.488
42.24657188 1.71256221 1551.448
42.24665092 1.71261870 1546.117
42.24664514 1.71263421 1546.545
42.24665587 1.71264117 1545.779
42.24658261 1.71266966 1551.186
42.24665981 1.71271116 1545.52
42.24667439 1.71276178 1544.447
42.24669996 1.71278425 1542.757
42.24670147 1.71280922 1543.245
42.24675612 1.71283236 1540.055
42.24676081 1.71290067 1541.626
42.24677799 1.71297435 1542.648
42.24684077 1.71303797 1541.02
42.24690271 1.71305448 1538.214
42.24694697 1.71310309 1536.845
42.24694940 1.71312983 1537.247
42.24701009 1.71315908 1533.51
42.24705493 1.71323980 1532.025
42.24709860 1.71332463 1530.713
42.24713674 1.71342739 1527.608
42.24717881 1.71351707 1524.257
42.24720756 1.71347718 1522.483
42.24725241 1.71341280 1519.494
42.24724168 1.71338431 1520.371
42.24721058 1.71331222 1522.382
42.24723011 1.71332530 1521.231
42.24728803 1.71341029 1516.879
42.24735492 1.71347785 1511.945
42.24739054 1.71353920 1509.432
42.24741468 1.71351641 1507.704
42.24740630 1.71344667 1508.216
42.24742139 1.71339109 1507.033
42.24746967 1.71336168 1503.373
42.24747093 1.71326830 1502.003
42.24748316 1.71322639 1500.325
42.24747453 1.71317141 1499.957
42.24746665 1.71316755 1500.466
42.24748165 1.71318205 1499.628
42.24753932 1.71323536 1496.547
42.24765298 1.71331122 1490.138
42.24772230 1.71338104 1486.104
42.24776697 1.71341096 1483.287
42.24782087 1.71343979 1478.925
42.24787594 1.71350417 1474.314
42.24789672 1.71359494 1472.8
42.24789555 1.71365286 1471.259
42.24786890 1.71369670 1471.981
42.24783738 1.71376526 1472.198
42.24783319 1.71387565 1468.148
42.24784861 1.71397112 1466.429
42.24784602 1.71404245 1466.891
42.24783260 1.71410197 1467.954
42.24784836 1.71409861 1466.931
42.24789061 1.71411093 1464.331
42.24795012 1.71413734 1461.119
42.24798868 1.71417640 1460.155
42.24801583 1.71422551 1461.474
42.24811818 1.71431243 1459.251
42.24816453 1.71439667 1458.749
42.24819747 1.71447890 1458.163
42.24820971 1.71457806 1459.491
42.24823158 1.71464251 1458.374
42.24826058 1.71472658 1456.302
42.24834046 1.71480546 1446.634
42.24839763 1.71487662 1443.131
42.24843719 1.71494845 1441.032
42.24846871 1.71504199 1440.186
42.24850684 1.71511483 1438.738
42.24857516 1.71519949 1435.157
42.24860659 1.71529982 1434.833
42.24866937 1.71538247 1431.936
42.24876266 1.71548917 1427.524
42.24879225 1.71553728 1426.521
42.24884246 1.71563242 1425.464
42.24891697 1.71570425 1422.47
42.24890733 1.71573518 1423.998
42.24890909 1.71574691 1424.229
42.24894212 1.71577516 1422.987
42.24904832 1.71585982 1418.31
42.24909978 1.71590692 1415.084
42.24909634 1.71587633 1415.306
42.24906340 1.71579855 1416.161
42.24905393 1.71570224 1413.563
42.24909760 1.71571749 1411.264
42.24912493 1.71571389 1409.384
42.24909718 1.71565756 1409.241
42.24910850 1.71554441 1404.698
42.24913540 1.71544936 1400.462
42.24912291 1.71538616 1399.724
42.24915175 1.71538347 1397.684
42.24913339 1.71532145 1397.377
42.24914571 1.71521827 1393.95
42.24914789 1.71516051 1392.358
42.24911487 1.71511106 1393.454
42.24912870 1.71503102 1390.5
42.24912627 1.71495809 1389.026
42.24914965 1.71492859 1386.698
42.24919223 1.71493622 1383.76
42.24921947 1.71497435 1382.626
42.24926742 1.71506563 1381.486
42.24925996 1.71508810 1382.61
42.24927773 1.71519513 1384.202
42.24937865 1.71524601 1378.613
42.24945157 1.71532832 1375.723
42.24949633 1.71540351 1374.313
42.24954486 1.71548003 1372.934
42.24957646 1.71554013 1372.502
42.24960387 1.71561733 1373.192
42.24965449 1.71567206 1371.51
42.24969758 1.71572629 1370.272
42.24980168 1.71581422 1366.252
42.24988743 1.71584657 1360.933
42.24993428 1.71587977 1356.961
42.24999119 1.71584615 1354.203
42.25002858 1.71587985 1351.117
42.25003394 1.71588019 1350.816
42.25006362 1.71588086 1349.19
42.25010511 1.71588379 1346.837
42.25016353 1.71585236 1344.968
42.25017996 1.71585035 1344.202
42.25019907 1.71586518 1342.557
42.25022874 1.71590994 1338.903
42.25020150 1.71596426 1338.023
42.25021239 1.71598504 1336.421
42.25021901 1.71605704 1332.709
42.25023947 1.71615427 1329.144
42.25016730 1.71629936 1333.7
42.25012547 1.71634857 1335.23
42.25013176 1.71638972 1334.783
42.25014207 1.71639232 1334.614
42.25016227 1.71636768 1333.786
42.25020778 1.71634404 1332.07
42.25027886 1.71632350 1329.024
42.25032270 1.71634312 1327.996
42.25034600 1.71636927 1327.859
42.25040291 1.71639425 1327.17
42.25049151 1.71640758 1325.633
42.25057256 1.71643339 1324.582
42.25064742 1.71649617 1324.462
42.25065244 1.71651964 1325.281
42.25063778 1.71652148 1326.016
42.25073081 1.71659474 1324.728
42.25077884 1.71661285 1323.009
42.25070625 1.71657546 1325.156
42.25077189 1.71659466 1322.698
42.25084623 1.71667663 1321.46
42.25089468 1.71673514 1319.917
42.25094992 1.71680672 1318.183
42.25106265 1.71689406 1313.02
42.25112384 1.71701484 1311.581
42.25115854 1.71710151 1310.784
42.25123775 1.71720830 1306.715
42.25129542 1.71731601 1303.305
42.25132585 1.71741659 1301.71
42.25136491 1.71754542 1299.847
42.25139516 1.71765489 1299.387
42.25144688 1.71777156 1298.529
42.25154755 1.71788866 1293.032
42.25158342 1.71798446 1291.018
42.25161351 1.71808144 1288.601
42.25165492 1.71817591 1283.686
42.25164008 1.71828194 1281.922
42.25162910 1.71837179 1280.506
42.25167554 1.71842602 1276.476
42.25164637 1.71849685 1276.796
42.25162751 1.71860321 1275.841
42.25169448 1.71876641 1269.62
42.25172625 1.71887554 1266.498
42.25174544 1.71896389 1264.292
42.25176145 1.71906808 1262.044
42.25179892 1.71914804 1258.663
42.25182155 1.71924460 1255.593
42.25183471 1.71927310 1254.275
42.25183354 1.71934878 1253.041
42.25184158 1.71943855 1251.025
42.25187603 1.71952179 1246.854
42.25190696 1.71957845 1243.652
42.25190847 1.71963603 1242.065
42.25189942 1.71964802 1242.226
42.25192674 1.71969554 1239.577
42.25192775 1.71970937 1239.171
42.25198894 1.71959110 1238.75
42.25201417 1.71951500 1239.083
42.25205675 1.71944534 1238.107
42.25213302 1.71934619 1235.114
42.25218876 1.71925675 1233.345
42.25227325 1.71918911 1229.091
42.25229991 1.71916522 1227.705
42.25236042 1.71908844 1224.672
42.25237761 1.71903874 1224.269
42.25239504 1.71897034 1224.179
42.25247484 1.71882517 1221.04
42.25253661 1.71874730 1218.898
42.25257685 1.71867806 1218.095
42.25256997 1.71864018 1218.55
42.25255488 1.71858603 1219.49
42.25255379 1.71857170 1219.674
42.25254323 1.71851805 1220.456
42.25250610 1.71843532 1221.574
42.25249772 1.71845335 1221.733
42.25250644 1.71845578 1221.48
42.25247970 1.71840783 1223.227
42.25248640 1.71832586 1223.083
42.25246034 1.71823240 1225.777
42.25242916 1.71819678 1228.464
42.25242597 1.71811614 1229.369
42.25250954 1.71805621 1224.304
42.25260325 1.71805370 1227.4
42.25269712 1.71804565 1230.712
42.25279922 1.71807859 1233.406
42.25286644 1.71812201 1235.715
42.25292109 1.71817683 1236.889
42.25301254 1.71823215 1240.165
42.25305528 1.71827867 1240.952
42.25308596 1.71830842 1241.857
42.25313013 1.71837430 1242.545
42.25316224 1.71843549 1242.744
42.25322301 1.71851244 1244.436
42.25328662 1.71858243 1246.649
42.25333926 1.71866918 1248.049
42.25337438 1.71875317 1248.076
42.25342711 1.71883690 1249.123
42.25345619 1.71892910 1248.685
42.25351470 1.71907302 1248.586
42.25354797 1.71911049 1249.623
42.25359307 1.71925943 1248.957
42.25362626 1.71939497 1246.681
42.25368435 1.71943319 1244.187
42.25373145 1.71939983 1243.846
42.25377026 1.71938533 1243.303
42.25383815 1.71936278 1242.427
42.25390219 1.71932020 1242.185
42.25396925 1.71928760 1239.671
42.25404116 1.71924208 1237.141
42.25408592 1.71916740 1236.918
42.25413345 1.71903958 1234.948
42.25421366 1.71900219 1233.178
42.25423210 1.71892684 1234.037
42.25428851 1.71886381 1235.245
42.25429203 1.71884218 1235.602
42.25429597 1.71890538 1234.674
42.25431508 1.71893698 1234.26
42.25434618 1.71903597 1232.523
42.25443042 1.71912088 1230.264
42.25448088 1.71922985 1232.184
42.25450443 1.71930386 1234.247
42.25449085 1.71942615 1233.465
42.25448381 1.71949848 1234.143
42.25446705 1.71960812 1235.244
42.25444961 1.71974298 1236.913
42.25445070 1.71985606 1239.835
42.25441785 1.71998749 1240.687
42.25441508 1.72001464 1241.102
42.25439522 1.72013417 1242.262
42.25436797 1.72026224 1243.143
42.25435934 1.72037716 1244.333
42.25436244 1.72044782 1245.614
42.25436537 1.72056416 1247.524
42.25436479 1.72064622 1248.151
42.25436630 1.72075476 1249.165
42.25435364 1.72083364 1248.815
42.25431056 1.72097605 1248.726
42.25428290 1.72109021 1249.292
42.25424099 1.72119180 1248.942
42.25422137 1.72127754 1249.929
42.25419573 1.72138064 1250.959
42.25416840 1.72146966 1251.746
42.25413714 1.72156144 1252.292
42.25410931 1.72162690 1252.198
42.25409104 1.72170921 1253.012
42.25407025 1.72185338 1254.863
42.25404753 1.72200467 1257.033
42.25402943 1.72213007 1259.127
42.25401912 1.72224674 1261.272
42.25400596 1.72229796 1261.184
42.25396874 1.72237658 1260.157
42.25392021 1.72248672 1259.426
42.25391552 1.72256609 1256.56
42.25393714 1.72256836 1257.61
42.25395986 1.72258395 1258.129
42.25397687 1.72260230 1258.215
42.25403060 1.72262795 1259.89
42.25408701 1.72269425 1259.808
42.25413915 1.72279157 1257.729
42.25421324 1.72284454 1256.935
42.25422263 1.72284999 1256.828
42.25430804 1.72288226 1256.918
42.25433771 1.72290573 1256.068
42.25442757 1.72292828 1256.744
42.25449328 1.72290740 1259.089
42.25451382 1.72289014 1260.463
42.25456495 1.72291453 1259.228
42.25461733 1.72296273 1256.549
42.25465396 1.72300707 1254.113
42.25466637 1.72302308 1253.254
42.25467257 1.72303020 1252.886
42.25468221 1.72304671 1251.979
42.25473309 1.72312383 1248.51
42.25474432 1.72314839 1247.242
42.25477533 1.72320304 1244.489
42.25479688 1.72321401 1243.936
42.25484650 1.72322969 1243.17
42.25485186 1.72325056 1242.221
42.25491037 1.72328979 1240.553
42.25496887 1.72324813 1242.365
42.25500056 1.72324168 1242.58
42.25500257 1.72328643 1240.603
42.25501849 1.72326288 1240.046
42.25502763 1.72319759 1242.121
42.25504766 1.72326540 1237.172
42.25506870 1.72324779 1236.11
42.25507901 1.72320463 1237.54
42.25507432 1.72315291 1240.725
42.25507113 1.72314822 1241.208
42.25509477 1.72320630 1236.136
42.25514514 1.72322189 1230.882
42.25515202 1.72317730 1233.372
42.25517632 1.72319247 1230.363
42.25520524 1.72320044 1227.399
42.25515872 1.72317512 1233.005
42.25511329 1.72312793 1239.422
42.25512712 1.72312290 1238.804
42.25513081 1.72316867 1235.58
42.25514716 1.72323036 1230.131
42.25514774 1.72320907 1231.534
42.25518479 1.72317462 1231.029
42.25520784 1.72311637 1233.912
42.25520063 1.72305903 1238.892
42.25522217 1.72298930 1243.155
42.25523617 1.72294881 1245.682
42.25526962 1.72297236 1242.267
42.25531463 1.72305535 1233.958
42.25535411 1.72310958 1228.173
42.25537078 1.72309742 1228.806
42.25540498 1.72309709 1227.997
42.25547631 1.72309533 1226.378
42.25553440 1.72306574 1226.927
42.25562744 1.72305359 1227.511
42.25564646 1.72304780 1228.271
42.25573607 1.72302324 1230.646
42.25574604 1.72302316 1230.585
42.25585643 1.72301595 1230.412
42.25592868 1.72301696 1230.315
42.25602642 1.72299299 1231.673
42.25612415 1.72302735 1229.855
42.25623806 1.72304730 1230.747
42.25628517 1.72309767 1228.764
42.25637745 1.72319080 1225.024
42.25639723 1.72320438 1224.742
42.25644920 1.72324830 1224.136
42.25648952 1.72327395 1224.121
42.25651299 1.72327889 1224.691
42.25663687 1.72335039 1225.136
42.25671633 1.72338584 1221.445
42.25676444 1.72334645 1220.638
42.25685354 1.72328157 1219.529
42.25688548 1.72324461 1220.078
42.25691347 1.72323237 1219.286
42.25693225 1.72322164 1218.922
42.25701724 1.72313129 1220.042
42.25703208 1.72308452 1222.142
42.25709419 1.72303615 1222.051
42.25713953 1.72300212 1221.97
42.25720030 1.72296130 1220.718
42.25737121 1.72291478 1217.288
42.25747246 1.72284840 1217.873
42.25754740 1.72283649 1215.931
42.25764857 1.72280624 1213.491
42.25774177 1.72271429 1213.04
42.25778930 1.72269484 1212.044
42.25788175 1.72263591 1211.974
42.25800354 1.72265042 1208.557
42.25802215 1.72270859 1206.906
42.25803489 1.72275661 1205.713
42.25801653 1.72280749 1205.931
42.25799910 1.72288729 1206.903
42.25801125 1.72299340 1208.157
42.25799239 1.72309583 1209.311
42.25797580 1.72318476 1210.914
42.25803212 1.72325131 1213.697
42.25804579 1.72333195 1215.759
42.25807814 1.72338408 1217.513
42.25809951 1.72343790 1219.051
42.25811594 1.72348458 1220.337
42.25813606 1.72353563 1221.694
42.25810848 1.72361727 1224.045
42.25808426 1.72364778 1225.321
42.25806154 1.72368290 1226.81
42.25802072 1.72373059 1228.033
42.25793330 1.72375733 1227.381
42.25789634 1.72385364 1230.665
42.25782869 1.72392849 1231.888
42.25781579 1.72397886 1232.907
42.25778955 1.72403008 1233.748
42.25782140 1.72409571 1235.88
42.25786348 1.72413862 1237.559
42.25791151 1.72435186 1241.592
42.25791679 1.72431431 1241.128
42.25790329 1.72423879 1239.846
42.25791729 1.72422579 1239.86
42.25803900 1.72420065 1241.251
42.25806783 1.72419822 1241.293
42.25820739 1.72424801 1240.465
42.25831275 1.72431137 1240.827
42.25838223 1.72436980 1242.2
42.25851492 1.72438270 1242.807
42.25862648 1.72432386 1241.259
42.25872179 1.72434364 1242.929
42.25878700 1.72431473 1242.697
42.25888548 1.72425974 1241.979
42.25891390 1.72427039 1242.788
42.25897936 1.72424750 1243.111
42.25907047 1.72420383 1242.994
42.25913267 1.72419906 1243.764
42.25925940 1.72415078 1242.781
42.25940206 1.72414533 1243.144
42.25945621 1.72416762 1243.904
42.25951513 1.72421909 1244.791
42.25954866 1.72428966 1246.361
42.25956869 1.72431079 1246.631
42.25962418 1.72438555 1247.621
42.25970121 1.72442478 1247.013
42.25980246 1.72444951 1245.959
42.25984211 1.72450449 1246.664
42.25992031 1.72455076 1246.717
42.25996784 1.72456543 1246.462
42.26003682 1.72458345 1246.304
42.26018225 1.72461539 1246.248
42.26027587 1.72465738 1246.611
42.26034419 1.72467616 1247.124
42.26045114 1.72471882 1247.949
42.26058659 1.72474547 1248.846
42.26065499 1.72479727 1250.394
42.26067737 1.72479962 1250.495
42.26075021 1.72486726 1251.749
42.26076479 1.72496525 1253.211
42.26081022 1.72504295 1254.525
42.26082690 1.72505938 1254.794
42.26087099 1.72504043 1254.684
42.26089588 1.72503071 1254.811
42.26095078 1.72508351 1256.502
42.26099504 1.72519340 1258.238
42.26106721 1.72527781 1258.475
42.26108741 1.72537948 1259.667
42.26112119 1.72546724 1260.417
42.26117140 1.72552466 1262.571
42.26119487 1.72555307 1263.404
42.26123544 1.72558609 1265.066
42.26130299 1.72572155 1268.004
42.26131774 1.72581073 1268.833
42.26129931 1.72583613 1269.04
42.26130635 1.72595104 1270.603
42.26142436 1.72600284 1272.008
42.26148077 1.72605607 1275.235
42.26148262 1.72614542 1276.053
42.26148941 1.72619261 1276.84
42.26149058 1.72626872 1277.62
42.26154238 1.72633887 1280.743
42.26155504 1.72640065 1281.861
42.26154263 1.72647064 1281.852
42.26156459 1.72650106 1282.965
42.26156367 1.72652168 1283.066
42.26157247 1.72658991 1283.819
42.26159988 1.72663190 1284.926
42.26160784 1.72665655 1285.267
42.26165914 1.72672804 1287.464
42.26166015 1.72680943 1288.39
42.26167917 1.72692083 1290.706
42.26169208 1.72701823 1292.935
42.26166710 1.72709685 1292.226
42.26170591 1.72717572 1296.062
42.26172335 1.72719249 1297.492
42.26174128 1.72730045 1299.949
42.26175603 1.72738787 1301.902
42.26178068 1.72745744 1304.339
42.26179342 1.72746699 1305.313
42.26180389 1.72760110 1306.579
42.26181991 1.72762801 1307.593
42.26174958 1.72774217 1303.986
42.26174363 1.72785323 1304.786
42.26176199 1.72800628 1307.224
42.26174891 1.72807191 1307.646
42.26176215 1.72811349 1308.721
42.26179266 1.72812824 1309.818
42.26185268 1.72825581 1313.479
42.26184170 1.72834483 1314.57
42.26185083 1.72839831 1315.503
42.26184145 1.72856594 1317.632
42.26192024 1.72864423 1319.277
42.26190867 1.72879670 1321.521
42.26204596 1.72889141 1325.331
42.26208050 1.72892058 1326.764
42.26215049 1.72900055 1328.716
42.26216432 1.72910297 1328.74
42.26222626 1.72917573 1328.504
42.26229977 1.72921621 1333.725
42.26232232 1.72926961 1335.889
42.26236431 1.72935133 1338.954
42.26243899 1.72943716 1342.217
42.26246967 1.72950849 1343.609
42.26244268 1.72957152 1343.751
42.26245969 1.72965190 1344.67
42.26248476 1.72971661 1345.078
42.26252600 1.72970697 1346.64
42.26255198 1.72972072 1348.365
42.26261401 1.72981082 1352.616
42.26264426 1.72989138 1354.254
42.26266296 1.72998777 1354.897
42.26267067 1.73006102 1355.401
42.26268123 1.73013395 1355.795
42.26273756 1.73017678 1355.844
42.26275449 1.73020301 1355.488
42.26277452 1.73025523 1354.461
42.26275910 1.73024878 1354.813
42.26271920 1.73021693 1355.621
42.26279304 1.73016731 1356.559
42.26292095 1.73024073 1359.203
42.26302028 1.73031701 1361.04
42.26316562 1.73038138 1366.187
42.26328263 1.73049144 1369.343
42.26333502 1.73061322 1370.351
42.26340819 1.73070090 1376.709
42.26343526 1.73077793 1379.02
42.26347089 1.73084448 1381.995
42.26348212 1.73093417 1383.653
42.26347399 1.73103031 1383.899
42.26346552 1.73111446 1384.073
42.26345111 1.73117800 1383.749
42.26350240 1.73125352 1387.568
42.26352093 1.73132527 1389.083
42.26352059 1.73133918 1389.146
42.26352571 1.73135553 1389.511
42.26357684 1.73142786 1392.253
42.26358916 1.73160195 1392.551
42.26360030 1.73161277 1392.869
42.26362344 1.73168133 1394.166
42.26365705 1.73175777 1397.517
42.26367775 1.73182374 1399.618
42.26372821 1.73192122 1404.178
42.26370952 1.73202784 1403.288
42.26368379 1.73216186 1402.117
42.26368940 1.73220662 1402.822
42.26372360 1.73231064 1405.625
42.26374112 1.73242833 1406.924
42.26378085 1.73252857 1409.337
42.26377985 1.73261055 1409.141
42.26380885 1.73268498 1410.165
42.26387716 1.73275438 1411.967
42.26394153 1.73280710 1415.774
42.26395888 1.73285924 1416.629
42.26397757 1.73294549 1417.137
42.26397540 1.73302671 1416.248
42.26397833 1.73309946 1416.784
42.26397699 1.73317264 1417.76
42.26397213 1.73323450 1418.371
42.26397422 1.73324581 1418.655
42.26397011 1.73328646 1419.004
42.26395134 1.73330113 1418.133
42.26395830 1.73336970 1419.489
42.26405150 1.73345938 1425.916
42.26405284 1.73353574 1426.928
42.26411462 1.73361872 1431.26
42.26411562 1.73365896 1431.683
42.26408126 1.73373909 1430.734
42.26411956 1.73384177 1433.54
42.26415745 1.73391921 1435.725
42.26419148 1.73401217 1437.962
42.26419617 1.73408669 1438.518
42.26420699 1.73420202 1439.648
42.26424957 1.73433772 1442.57
42.26422308 1.73439791 1441.441
42.26429575 1.73449974 1444.685
42.26431721 1.73453880 1445.28
42.26432090 1.73453880 1445.426
42.26432199 1.73455205 1445.357
42.26431327 1.73459161 1444.713
42.26426856 1.73462749 1442.977
42.26420173 1.73474550 1441.449
42.26420745 1.73479102 1442.689
42.26421963 1.73481474 1443.539
42.26423339 1.73485866 1444.884
42.26423934 1.73489856 1445.943
42.26421436 1.73492370 1446.03
42.26426011 1.73494533 1447.437
42.26429045 1.73496301 1448.415
42.26431423 1.73497869 1449.201
42.26430263 1.73508229 1451.975
42.26434286 1.73513669 1454.156
42.26435155 1.73520148 1456.133
42.26433205 1.73527591 1458.136
42.26433797 1.73531287 1459.118
42.26433999 1.73540968 1461.572
42.26437774 1.73546442 1463.223
42.26435244 1.73552083 1464.462
42.26436640 1.73561110 1466.663
42.26438278 1.73561898 1466.9
42.26433884 1.73573716 1469.503
42.26439135 1.73580581 1470.811
42.26439656 1.73588485 1472.368
42.26440515 1.73592869 1473.145
42.26439692 1.73598653 1474.383
42.26438988 1.73610102 1476.779
42.26437347 1.73619230 1478.745
42.26441257 1.73623270 1478.526
42.26439631 1.73625559 1479.307
42.26441552 1.73633706 1480.113
42.26440518 1.73639892 1481.525
42.26439917 1.73645189 1483.054
42.26443015 1.73651065 1483.532
42.26442853 1.73657645 1485.242
42.26442611 1.73666672 1487.595
42.26442927 1.73669136 1487.941
42.26442208 1.73670452 1488.417
42.26442795 1.73672640 1488.623
42.26443242 1.73675951 1489.075
42.26440202 1.73679220 1490.703
42.26443376 1.73681835 1490.097
42.26444654 1.73684006 1490.217
42.26443857 1.73692329 1491.829
42.26444847 1.73700484 1493.687
42.26441409 1.73708271 1496.523
42.26440868 1.73714591 1498.271
42.26439739 1.73730349 1502.037
42.26441210 1.73741212 1503.546
42.26441195 1.73744942 1504.238
42.26439829 1.73754439 1506.594
42.26441056 1.73762628 1507.892
42.26440033 1.73777397 1511.349
42.26437486 1.73787958 1514.179
42.26440232 1.73799818 1515.452
42.26436546 1.73809256 1518.643
42.26439964 1.73813581 1518.346
42.26437855 1.73819189 1520.317
42.26441930 1.73820647 1519.165
42.26436736 1.73825123 1522.002
42.26439205 1.73832424 1522.69
42.26438690 1.73837914 1524.027
42.26437432 1.73844025 1525.737
42.26437801 1.73851937 1527.25
42.26439116 1.73860612 1528.622
42.26435635 1.73868148 1531.121
42.26436110 1.73874401 1532.092
42.26435964 1.73881793 1533.471
42.26432847 1.73890754 1536.121
42.26431794 1.73896152 1537.525
42.26436119 1.73898985 1536.623
42.26432787 1.73901508 1538.239
42.26434889 1.73911247 1539.397
42.26438393 1.73916260 1539.102
42.26436488 1.73919805 1540.397
42.26435649 1.73925094 1541.587
42.26431402 1.73936167 1544.876
42.26428033 1.73945420 1547.528
42.26426700 1.73946418 1548.175
42.26427186 1.73956443 1550.183
42.26431386 1.73964783 1550.624
42.26433028 1.73976744 1552.608
42.26439315 1.73981337 1551.57
42.26435359 1.73990792 1554.736
42.26433850 1.73992351 1555.504
42.26430480 1.74002124 1558.442
42.26431989 1.74005108 1558.608
42.26428519 1.74011847 1560.901
42.26428561 1.74019089 1562.305
42.26432769 1.74027211 1562.828
42.26432366 1.74034000 1564.261
42.26433909 1.74042349 1565.477
42.26434177 1.74050144 1566.911
42.26440329 1.74057495 1566.545
42.26445995 1.74065089 1566.883
42.26443824 1.74075357 1568.759
42.26449532 1.74079925 1569.936
42.26447621 1.74084904 1570.563
42.26449239 1.74095993 1572.262
42.26451242 1.74101500 1573.19
42.26451913 1.74106680 1573.943
42.26452290 1.74111273 1574.56
42.26452491 1.74116797 1574.401
42.26453807 1.74120502 1574.332
42.26456540 1.74134449 1573.773
42.26457420 1.74141775 1572.965
42.26462944 1.74147173 1571.644
42.26455458 1.74141599 1573.077
42.26450672 1.74145354 1572.56
42.26459373 1.74153794 1570.491
42.26465609 1.74174984 1566.278
42.26467989 1.74190490 1563.874
42.26469506 1.74205762 1561.198
42.26471124 1.74221269 1558.289
42.26471250 1.74234177 1555.968
42.26475826 1.74241025 1555.135
42.26480931 1.74254713 1553.522
42.26485306 1.74265207 1552.436
42.26490344 1.74280697 1550.468
42.26492398 1.74298039 1547.732
42.26493697 1.74303537 1546.893
42.26498013 1.74316529 1544.938
42.26499011 1.74318457 1544.64
42.26503294 1.74326034 1543.551
42.26512757 1.74337668 1542.294
42.26515858 1.74340032 1542.177
42.26524165 1.74340845 1542.658
42.26523545 1.74343796 1542.189
42.26524156 1.74350543 1541.261
42.26526805 1.74369989 1538.696
42.26529219 1.74388898 1536.31
42.26529588 1.74392327 1536.012
42.26531030 1.74397197 1535.77
42.26526587 1.74409694 1533.999
42.26527669 1.74417288 1533.005
42.26530862 1.74426424 1533.126
42.26538842 1.74438109 1533.605
42.26543913 1.74450053 1533.306
42.26553334 1.74458762 1533.296
42.26554315 1.74467806 1532.418
42.26554122 1.74496623 1528.616
42.26560547 1.74516186 1526.927
42.26566639 1.74534073 1526.159
42.26565618 1.74545808 1524.767
42.26573506 1.74553343 1525.493
42.26570078 1.74564944 1523.247
42.26568647 1.74578564 1521.091
42.26571327 1.74587164 1520.155
42.26576972 1.74599100 1518.25
42.26575596 1.74605814 1517.077
42.26582169 1.74611388 1515.141
42.26583607 1.74613500 1514.818
42.26589057 1.74616677 1515.882
42.26592700 1.74623399 1515.774
42.26600253 1.74629937 1516.188
42.26596444 1.74645184 1512.768
42.26602339 1.74657019 1511.233
42.26602968 1.74667287 1509.329
42.26610267 1.74675912 1507.721
42.26609026 1.74683967 1506.005
42.26614229 1.74695458 1503.428
42.26615798 1.74706036 1502.386
42.26622844 1.74712163 1503.369
42.26626673 1.74721333 1503.556
42.26628116 1.74736412 1502.761
42.26631176 1.74741391 1503.092
42.26625996 1.74745976 1501.515
42.26624450 1.74758549 1499.958
42.26626398 1.74762161 1499.989
42.26628994 1.74769990 1499.704
42.26625877 1.74780970 1497.898
42.26629967 1.74783711 1498.501
42.26631261 1.74797835 1497.384
42.26631724 1.74805144 1496.751
42.26631784 1.74814230 1495.792
42.26635297 1.74826467 1494.732
42.26637412 1.74842854 1492.018
42.26638927 1.74849962 1490.431
42.26641317 1.74862526 1489.407
42.26642403 1.74870573 1489.126
42.26638865 1.74882777 1485.667
42.26640972 1.74892701 1485.555
42.26641788 1.74895668 1485.538
42.26642745 1.74901452 1485.148
42.26641284 1.74913882 1482.539
42.26643436 1.74920370 1482.684
42.26644261 1.74925458 1482.442
42.26643854 1.74933395 1481.302
42.26642779 1.74941014 1479.946
42.26647654 1.74952054 1481.053
42.26649111 1.74960821 1480.902
42.26652210 1.74971214 1480.542
42.26653203 1.74976001 1480.121
42.26655510 1.74983293 1479.286
42.26657062 1.74994784 1477.524
42.26660089 1.75004306 1475.784
42.26664820 1.75010819 1473.93
42.26669433 1.75020617 1473.033
42.26668690 1.75038421 1470.266
42.26671756 1.75052276 1468.85
42.26679379 1.75058998 1468.922
42.26681800 1.75077279 1468.243
42.26686593 1.75089718 1465.58
42.26680712 1.75101167 1467.774
42.26683991 1.75110857 1465.414
42.26685296 1.75126850 1463.279
42.26686340 1.75137880 1461.751
42.26691623 1.75143236 1458.673
42.26692024 1.75150763 1458.506
42.26690110 1.75157100 1459.804
42.26691708 1.75163940 1458.843
42.26691634 1.75177124 1459.638
42.26695596 1.75184852 1458.327
42.26703863 1.75202765 1457.9
42.26696235 1.75220651 1460.911
42.26696489 1.75231104 1461.489
42.26696112 1.75240500 1462.336
42.26691109 1.75242520 1465.711
42.26693974 1.75248756 1464.232
42.26701124 1.75256560 1461.679
42.26703085 1.75258881 1461.149
42.26710855 1.75269409 1459.673
42.26718265 1.75281127 1457.706
42.26720712 1.75286458 1455.616
42.26719849 1.75290230 1455.603
42.26715549 1.75304982 1456.392
42.26713571 1.75307396 1457.047
42.26708122 1.75319265 1457.454
42.26707402 1.75326305 1456.126
42.26701425 1.75350856 1455.752
42.26699640 1.75364032 1454.592
42.26700118 1.75378349 1451.849
42.26701744 1.75392791 1448.871
42.26703839 1.75408850 1447.844
42.26701543 1.75418791 1450.295
42.26699347 1.75431456 1453.1
42.26715088 1.75453593 1444.606
42.26716555 1.75455538 1444.156
42.26725825 1.75469963 1443.402
42.26729060 1.75479049 1443.17
42.26727468 1.75494756 1445.483
42.26728298 1.75513800 1445.997
42.26728558 1.75530614 1446.453
42.26728734 1.75542475 1446.779
42.26741499 1.75547219 1439.596
42.26747777 1.75558157 1436.273
42.26752873 1.75564603 1433.34
42.26759043 1.75574938 1430.503
42.26760224 1.75585474 1430.141
42.26758691 1.75588743 1430.15
42.26754097 1.75599757 1430.099
42.26752295 1.75605481 1429.89
42.26748926 1.75610988 1430.679
42.26746805 1.75621784 1428.881
42.26746361 1.75626403 1427.823
42.26738825 1.75642890 1427.744
42.26734551 1.75655161 1427.094
42.26730427 1.75669042 1426.161
42.26729069 1.75681128 1424.304
42.26728692 1.75688764 1422.795
42.26727862 1.75690767 1422.801
42.26724576 1.75695377 1423.396
42.26717175 1.75707984 1423.215
42.26716295 1.75709861 1423.077
42.26709497 1.75725175 1421.831
42.26708978 1.75729609 1420.712
42.26703940 1.75739651 1420.542
42.26696103 1.75755325 1419.911
42.26695491 1.75759994 1418.443
42.26692096 1.75761586 1418.778
42.26686506 1.75764453 1418.397
42.26682767 1.75760932 1420.531
42.26674880 1.75760748 1421.88
42.26675089 1.75760245 1422.096
42.26674888 1.75758434 1423.029
42.26665861 1.75753238 1426.888
42.26654964 1.75748426 1423.953
42.26648913 1.75739231 1423.545
42.26640112 1.75733775 1420.687
42.26636818 1.75734504 1420.163
42.26628335 1.75748292 1416.237
42.26620548 1.75761754 1414.317
42.26620129 1.75763103 1414.277
42.26620121 1.75770261 1413.708
42.26623046 1.75780261 1411.868
42.26623708 1.75790093 1411.563
42.26625452 1.75804778 1410.145
42.26624253 1.75821433 1411.628
42.26621043 1.75841114 1413.446
42.26618847 1.75854265 1413.782
42.26617590 1.75864449 1413.63
42.26614086 1.75883383 1414.002
42.26613466 1.75899779 1413.422
42.26612862 1.75918026 1413.274
42.26610440 1.75938763 1414.529
42.26605503 1.75956759 1413.584
42.26596551 1.75971687 1413.377
42.26585386 1.75986255 1413.257
42.26580827 1.75992575 1413.197
42.26570777 1.76015055 1411.631
42.26560073 1.76037191 1411.015
42.26553611 1.76047811 1411.583
42.26547710 1.76062211 1411.578
42.26543351 1.76075036 1411.29
42.26541826 1.76080869 1410.88
42.26534567 1.76096720 1410.056
42.26525732 1.76108982 1409.978
42.26511802 1.76117389 1410.739
42.26506613 1.76119904 1411.115
42.26500696 1.76124229 1411.084
42.26497787 1.76125822 1411.162
42.26490453 1.76131496 1410.848
42.26478810 1.76139358 1410.679
42.26476254 1.76141831 1410.427
42.26462332 1.76154630 1409.911
42.26458903 1.76149668 1412.359
42.26459591 1.76148050 1412.699
42.26452625 1.76158302 1411.067
42.26440924 1.76171210 1410.477
42.26439047 1.76173976 1410.6
42.26435199 1.76189264 1408.301
42.26430673 1.76193581 1408.695
42.26422283 1.76199457 1409.485
42.26411043 1.76201519 1410.35
42.26398730 1.76197562 1411.733
42.26397271 1.76197177 1411.879
42.26394690 1.76196867 1411.99
42.26389241 1.76197152 1411.833
42.26373584 1.76205936 1411.893
42.26365521 1.76213019 1410.865
42.26355940 1.76218257 1411.947
42.26344759 1.76227553 1413.111
42.26342797 1.76228450 1413.598
42.26332513 1.76235532 1415.025
42.26319931 1.76245188 1415.73
42.26307945 1.76255297 1416.216
42.26306126 1.76256705 1416.376
42.26299094 1.76262673 1416.89
42.26287242 1.76273628 1417.185
42.26279899 1.76276277 1418.826
42.26269883 1.76283066 1420.697
42.26263580 1.76292571 1420.34
42.26261124 1.76295723 1420.38
42.26250898 1.76309771 1420.099
42.26246053 1.76314775 1420.622
42.26237780 1.76328404 1420.217
42.26233162 1.76337046 1420.104
42.26225417 1.76351278 1420.678
42.26217186 1.76366374 1421.067
42.26208737 1.76378729 1421.892
42.26204270 1.76386214 1422.214
42.26196449 1.76395694 1424.389
42.26189182 1.76407252 1425.146
42.26182292 1.76414453 1426.752
42.26173826 1.76425190 1428.035
42.26172762 1.76425835 1428.446
42.26161807 1.76443253 1429.353
42.26156870 1.76453990 1429.247
42.26152461 1.76461785 1429.7
42.26150634 1.76468491 1428.887
42.26145806 1.76477702 1429.189
42.26140039 1.76487543 1429.884
42.26139276 1.76488607 1430.044
42.26129872 1.76504675 1429.435
42.26120115 1.76514910 1430.642
42.26106411 1.76525471 1432.666
42.26094106 1.76534758 1432.314
42.26085205 1.76541371 1432.159
42.26070872 1.76554564 1431.862
42.26057787 1.76571513 1431.818
42.26053077 1.76576139 1432.066
42.26045307 1.76582149 1432.454
42.26038182 1.76593473 1433.616
42.26042904 1.76600782 1432.391
42.26050830 1.76594831 1430.677
42.26054358 1.76593758 1429.9
42.26055193 1.76593557 1429.715
42.26066694 1.76591126 1425.709
42.26072526 1.76587229 1423.75
42.26083143 1.76582057 1420.435
42.26085731 1.76576802 1421.079
42.26092488 1.76573969 1419.735
42.26094245 1.76574027 1419.147
42.26097441 1.76589207 1414.495
42.26107364 1.76609491 1408.778
42.26122258 1.76630513 1406.744
42.26124674 1.76637101 1407.577
42.26137137 1.76635517 1399.803
42.26142491 1.76647595 1400.705
42.26152072 1.76662574 1399.676
42.26166465 1.76682866 1397.372
42.26181914 1.76704668 1393.862
42.26189461 1.76722446 1393.452
42.26192397 1.76739461 1394.595
42.26201165 1.76756971 1391.597
42.26214087 1.76769325 1384.551
42.26221862 1.76795075 1380.891
42.26229187 1.76819625 1377.619
42.26232432 1.76838644 1376.33
42.26230278 1.76826750 1377.191
42.26234917 1.76832936 1374.68
42.26233918 1.76848300 1375.944
42.26240662 1.76866237 1373.557
42.26246046 1.76874963 1371.063
42.26247066 1.76882900 1370.622
42.26253167 1.76897912 1368.073
42.26252677 1.76909571 1369.667
42.26255055 1.76922949 1369.767
42.26258747 1.76929101 1368.305
42.26255335 1.76946142 1372.049
42.26263848 1.76967725 1368.7
42.26264765 1.76980885 1368.973
42.26261715 1.76996039 1371.471
42.26258382 1.77017857 1372.831
42.26259147 1.77039131 1371.517
42.26255401 1.77050195 1373.119
42.26247946 1.77063379 1375.816
42.26246528 1.77073228 1374.978
42.26245583 1.77084804 1373.581
42.26242572 1.77101090 1372.275
42.26246666 1.77112263 1368.004
42.26261563 1.77108843 1360.13
42.26264578 1.77120578 1358.988
42.26263755 1.77131072 1360.366
42.26264334 1.77143100 1361.91
42.26267111 1.77153971 1363.385
42.26273254 1.77164909 1362.99
42.26277374 1.77167935 1361.401
42.26280168 1.77183216 1362.092
42.26286635 1.77199233 1360.272
42.26279407 1.77221638 1364.178
42.26281762 1.77231160 1362.946
42.26278223 1.77248494 1364.76
42.26275349 1.77260664 1366.136
42.26277191 1.77269247 1364.681
42.26270744 1.77284469 1368.076
42.26275139 1.77296547 1364.358
42.26279129 1.77322179 1359.377
42.26278716 1.77337786 1357.79
42.26282728 1.77346646 1354.139
42.26280676 1.77360124 1353.469
42.26275579 1.77368799 1355.296
42.26267525 1.77379620 1358.732
42.26263516 1.77392118 1358.795
42.26254466 1.77422720 1355.681
42.26249279 1.77434513 1356.847
42.26240734 1.77452057 1356.532
42.26234230 1.77462928 1354.775
42.26226665 1.77479566 1349.997
42.26214079 1.77483053 1354.127
42.26209262 1.77496137 1350.292
42.26205367 1.77506011 1348.545
42.26201960 1.77512884 1348.033
42.26197780 1.77520294 1347.773
42.26196252 1.77522875 1347.724
42.26191949 1.77537636 1344.72
42.26190450 1.77541475 1344.22
42.26195189 1.77548281 1339.19
42.26195220 1.77566688 1338.557
42.26195230 1.77584055 1341.728
42.26201459 1.77591372 1339.839
42.26205831 1.77611757 1341.714
42.26211278 1.77623693 1339.904
42.26215485 1.77641513 1339.746
42.26217211 1.77653901 1340.56
42.26220882 1.77663440 1340.117
42.26218458 1.77681687 1341.604
42.26220197 1.77687940 1340.797
42.26209928 1.77707453 1340.994
42.26207243 1.77719967 1338.393
42.26194548 1.77733714 1335.185
42.26177199 1.77745398 1332.424
42.26159954 1.77756261 1331.416
42.26152839 1.77771851 1326.649
42.26151491 1.77787425 1320.93
42.26152779 1.77801167 1315.58
42.26159624 1.77821345 1308.421
42.26150589 1.77840452 1311.665
42.26155847 1.77876724 1308.717
42.26157928 1.77897975 1306.56
42.26156039 1.77912790 1307.557
42.26158120 1.77926532 1306.258
42.26158116 1.77939892 1306.297
42.26157026 1.77948856 1306.425
42.26152778 1.77961111 1306.9
42.26150373 1.77982983 1303.433
42.26148484 1.77993506 1301.054
42.26140243 1.78004029 1300.41
42.26143913 1.78025280 1296.959
42.26145994 1.78045459 1294.727
42.26145693 1.78073149 1292.561
42.26145392 1.78091182 1291.941
42.26153826 1.78119944 1289.623
42.26162259 1.78130467 1286.587
42.26167517 1.78142062 1284.518
42.26166422 1.78157950 1283.017
42.26162151 1.78170619 1282.043
42.26153116 1.78188652 1279.165
42.26141699 1.78197029 1279.982
42.26127900 1.78222572 1273.432
42.26118071 1.78236314 1271.925
42.26093155 1.78279023 1263.723
42.26079356 1.78309931 1258.043
42.26071115 1.78324746 1258.907
42.26065256 1.78337414 1258.332
42.26057809 1.78355448 1255.82
42.26046392 1.78371335 1257.927
42.26061178 1.78395805 1252.618
42.26083110 1.78403110 1245.648
42.26092338 1.78423289 1244.825
42.26094419 1.78434885 1245.179
42.26103647 1.78457209 1243.48
42.26112080 1.78490263 1243.462
42.26124484 1.78514733 1237.229
42.26132123 1.78548860 1233.186
42.26131823 1.78569038 1232.672
42.26131522 1.78589217 1230.41
42.26131221 1.78609396 1224.759
42.26129503 1.78616211 1222.929
42.26125178 1.78623545 1220.918
42.26120476 1.78628021 1219.595
42.26112974 1.78637283 1216.58
42.26105455 1.78651004 1214.751
42.26102337 1.78666611 1211.49
42.26104081 1.78684641 1207.557
42.26107199 1.78703433 1203.976
42.26109613 1.78719124 1202.665
42.26110518 1.78735519 1201.747
42.26114843 1.78750271 1199.241
42.26116394 1.78773548 1197.638
42.26116293 1.78777680 1197.511
42.26115136 1.78781267 1197.214
42.26106277 1.78794511 1195.488
42.26096378 1.78800018 1194.089
42.26086269 1.78806296 1191.866
42.26084568 1.78816237 1188.584
42.26090670 1.78815943 1188.899
42.26096906 1.78820964 1187.496
42.26096763 1.78829312 1184.786
42.26098121 1.78838147 1181.788
42.26098750 1.78848339 1178.093
42.26095975 1.78853612 1176.221
42.26092614 1.78856956 1175.112
42.26085884 1.78862236 1173.753
42.26085230 1.78868867 1172.923
42.26085272 1.78875949 1171.992
42.26085439 1.78882898 1171.036
42.26090661 1.78891690 1168.617
42.26096302 1.78901891 1167.704
42.26100258 1.78910516 1167.413
42.26108464 1.78919099 1165.841
42.26114709 1.78925327 1164.0
42.26124918 1.78932980 1161.374
42.26128321 1.78940305 1161.58
42.26133962 1.78944178 1161.007
42.26143367 1.78946885 1158.416
42.26153643 1.78950188 1155.136
42.26166174 1.78952711 1151.441
42.26174589 1.78960447 1149.217
42.26183835 1.78964119 1146.841
42.26198109 1.78967438 1143.761
42.26198746 1.78970011 1144.05
42.26206742 1.78976155 1143.403
42.26214227 1.78980044 1142.194
42.26221729 1.78987345 1140.565
42.26222894 1.78997453 1139.949
42.26222416 1.79004217 1140.262
42.26224051 1.79012901 1140.534
42.26227756 1.79027921 1140.824
42.26229818 1.79035951 1141.456
42.26232139 1.79036471 1140.998
42.26232818 1.79039531 1141.242
42.26235132 1.79045758 1141.5
42.26238996 1.79054702 1141.669
42.26242726 1.79061474 1141.964
42.26255106 1.79076511 1140.686
42.26257402 1.79079236 1140.505
42.26260454 1.79087089 1141.177
42.26268048 1.79105203 1143.176
42.26271409 1.79124615 1145.813
42.26267511 1.79143089 1148.68
42.26267561 1.79155301 1148.187
42.26267033 1.79171076 1147.052
42.26266975 1.79172451 1146.829
42.26266748 1.79178427 1145.852
42.26266270 1.79189089 1144.069
42.26265256 1.79196549 1142.671
42.26265022 1.79199482 1142.062
42.26263052 1.79222700 1137.454
42.26262197 1.79231216 1136.163
42.26261585 1.79234871 1135.647
42.26260789 1.79250411 1133.411
42.26256229 1.79266261 1132.801
42.26253605 1.79273402 1132.686
42.26243866 1.79289613 1132.335
42.26243019 1.79293620 1132.046
42.26241200 1.79306821 1131.309
42.26249532 1.79325555 1130.558
42.26254871 1.79332034 1130.205
42.26257369 1.79338111 1129.823
42.26261744 1.79348035 1129.369
42.26266036 1.79354455 1129.365
42.26272490 1.79368118 1128.609
42.26273764 1.79371362 1128.166
42.26284853 1.79384731 1126.918
42.26298457 1.79397530 1125.073
42.26305900 1.79403716 1124.259
42.26310342 1.79406716 1123.495
42.26319613 1.79410991 1122.626
42.26324550 1.79412877 1122.359
42.26339067 1.79422106 1120.078
42.26351674 1.79438392 1116.617
42.26357072 1.79445290 1116.073
42.26358815 1.79442491 1116.903
42.26358237 1.79443329 1116.668
42.26360559 1.79446975 1116.347
42.26366241 1.79454653 1114.347
42.26373995 1.79465029 1112.641
42.26374833 1.79466387 1112.522
42.26381857 1.79485221 1110.965
42.26385243 1.79500954 1109.935
42.26390750 1.79520601 1107.813
42.26401990 1.79536301 1104.47
42.26405452 1.79539989 1103.863
42.26410657 1.79542126 1103.729
42.26424294 1.79549377 1099.753
42.26425854 1.79555948 1098.634
42.26422677 1.79567213 1098.032
42.26417866 1.79574229 1098.522
42.26417723 1.79572963 1098.841
42.26417321 1.79575101 1098.538
42.26415812 1.79573424 1098.938
42.26413289 1.79573257 1098.38
42.26412769 1.79570256 1098.967
42.26413557 1.79573785 1098.321
42.26414035 1.79569929 1099.32
42.26413281 1.79569066 1099.357
42.26409341 1.79569988 1098.28
42.26405704 1.79568714 1097.831
42.26394237 1.79560977 1097.969
42.26392250 1.79560332 1097.848
42.26377440 1.79554397 1096.414
42.26361170 1.79549821 1093.255
42.26347114 1.79548664 1092.485
42.26329763 1.79555076 1091.163
42.26319680 1.79571781 1090.026
42.26320300 1.79582368 1089.026
42.26322983 1.79588017 1088.365
42.26337181 1.79600531 1085.918
42.26350232 1.79611897 1083.703
42.26363735 1.79622375 1081.434
42.26376669 1.79629625 1080.521
42.26383030 1.79633355 1079.954
42.26389568 1.79640789 1078.922
42.26392661 1.79644444 1079.286
42.26400197 1.79662038 1078.923
42.26403767 1.79684292 1077.381
42.26404320 1.79703528 1076.008
42.26402812 1.79715372 1074.882
42.26401295 1.79720686 1074.004
42.26399803 1.79734843 1072.316
42.26399719 1.79738338 1072.001
42.26398956 1.79754423 1070.393
42.26399157 1.79769427 1069.407
42.26399643 1.79780591 1068.932
42.26401538 1.79799945 1069.122
42.26396668 1.79825401 1065.812
42.26393483 1.79848636 1062.726
42.26390113 1.79869196 1059.742
42.26387029 1.79889984 1057.968
42.26391530 1.79909706 1055.549
42.26399501 1.79918515 1056.339
42.26410288 1.79937392 1055.885
42.26411889 1.79942731 1055.328
42.26405561 1.79961875 1052.705
42.26399736 1.79976719 1049.533
42.26399467 1.79998202 1047.842
42.26401328 1.80005151 1047.297
42.26406592 1.80027581 1044.522
42.26409492 1.80052433 1040.825
42.26412493 1.80060195 1040.753
42.26416633 1.80078895 1038.108
42.26405485 1.80090370 1032.362
42.26396701 1.80080010 1031.486
42.26392552 1.80059239 1030.856
42.26388822 1.80039441 1031.302
42.26378974 1.80024739 1030.973
42.26370114 1.80018621 1029.668
42.26365562 1.80014153 1029.049
42.26356225 1.80010457 1028.515
42.26349436 1.80020691 1028.154
42.26349469 1.80024178 1027.837
42.26347550 1.80041729 1026.668
42.26344180 1.80057789 1025.927
42.26340945 1.80071619 1024.507
42.26340098 1.80074855 1024.16
42.26334809 1.80088735 1023.335
42.26335564 1.80099447 1022.392
42.26336553 1.80128273 1022.254
42.26341238 1.80145045 1021.345
42.26341615 1.80146369 1021.236
42.26343300 1.80148649 1020.61
42.26348019 1.80163535 1018.611
42.26350257 1.80170031 1017.465
42.26350660 1.80186267 1017.184
42.26352395 1.80190282 1016.027
42.26357809 1.80205981 1012.258
42.26358890 1.80223432 1011.69
42.26359394 1.80225687 1011.666
42.26361279 1.80223441 1010.161
42.26363584 1.80229065 1010.654
42.26368907 1.80239148 1010.679
42.26380952 1.80255133 1007.308
42.26384036 1.80273841 1005.156
42.26389627 1.80293539 1001.82
42.26394128 1.80308115 1000.721
42.26394614 1.80309414 1000.79
42.26396358 1.80314879 1000.969
42.26397498 1.80317838 1000.911
42.26402694 1.80334358 999.595
42.26407598 1.80349002 997.797
42.26410406 1.80357283 996.513
42.26413608 1.80370660 993.693
42.26415284 1.80372907 992.501
42.26416223 1.80388137 990.321
42.26418980 1.80397307 990.01
42.26420313 1.80400827 989.885
42.26426206 1.80423844 988.153
42.26426164 1.80440264 987.155
42.26424680 1.80443767 987.573
42.26425954 1.80448067 986.944
42.26424186 1.80449408 987.737
42.26429977 1.80451395 985.02
42.26430774 1.80456986 984.44
42.26427270 1.80464278 986.043
42.26427312 1.80465259 986.002
42.26428955 1.80479055 985.196
42.26430556 1.80488476 984.585
42.26430547 1.80496255 984.87
42.26430732 1.80500940 984.903
42.26430514 1.80502650 985.075
42.26434881 1.80521074 982.695
42.26435811 1.80527327 982.272
42.26435937 1.80534527 982.207
42.26434973 1.80546655 982.796
42.26436809 1.80562447 981.381
42.26436951 1.80566009 981.138
42.26439013 1.80575891 979.289
42.26440798 1.80582639 977.665
42.26442534 1.80587970 976.698
42.26446314 1.80595111 975.291
42.26446607 1.80597207 975.337
42.26447839 1.80613526 975.975
42.26448334 1.80619410 976.245
42.26450974 1.80645411 976.653
42.26452114 1.80666307 977.284
42.26453170 1.80676985 976.777
42.26449817 1.80688729 978.865
42.26449038 1.80700430 978.994
42.26452273 1.80700815 977.161
42.26445283 1.80702140 980.98
42.26448619 1.80707479 978.798
42.26448820 1.80710144 978.527
42.26448208 1.80728216 977.66
42.26448619 1.80729993 977.351
42.26454805 1.80746924 974.432
42.26457856 1.80754895 973.681
42.26458166 1.80758097 973.672
42.26464075 1.80764945 973.323
42.26469037 1.80781810 974.687
42.26469439 1.80783075 974.704
42.26472298 1.80790242 974.965
42.26478198 1.80806293 973.357
42.26486245 1.80820484 973.941
42.26490243 1.80829704 975.755
42.26492339 1.80839913 977.86
42.26495164 1.80849477 980.085
42.26498106 1.80858370 982.749
42.26500813 1.80865562 984.566
42.26505850 1.80878176 985.953
42.26513813 1.80888142 987.294
42.26521491 1.80895762 987.524
42.26524953 1.80900967 988.17
42.26532371 1.80908024 989.25
42.26533133 1.80908142 989.244
42.26534952 1.80906851 988.853
42.26543519 1.80905694 988.025
42.26552286 1.80906046 987.609
42.26560509 1.80906951 987.206
42.26561925 1.80907697 987.363
42.26565756 1.80909726 987.808
42.26574666 1.80911603 987.623
42.26580726 1.80912400 987.299
42.26594992 1.80908846 984.264
42.26604740 1.80906004 981.877
42.26613097 1.80898670 977.089
42.26620900 1.80906382 980.297
42.26615503 1.80901445 978.321
42.26616810 1.80897530 976.128
42.26615419 1.80896608 975.772
42.26616081 1.80893901 974.284
42.26621135 1.80889618 971.653
42.26628033 1.80891294 971.975
42.26632350 1.80886282 969.179
42.26634370 1.80885100 968.438
42.26644563 1.80894563 970.655
42.26656959 1.80899567 968.742
42.26658812 1.80899542 968.088
42.26669599 1.80906289 968.242
42.26684318 1.80908418 966.666
42.26686003 1.80907119 965.708
42.26698626 1.80913908 966.345
42.26704015 1.80915317 965.319
42.26714090 1.80924101 964.143
42.26722984 1.80936037 961.533
42.26728398 1.80943589 958.252
42.26731022 1.80952297 956.823
42.26732916 1.80960411 955.844
42.26734115 1.80971383 955.534
42.26736118 1.80976831 953.911
42.26736261 1.80991357 953.533
42.26738356 1.81000284 951.698
42.26747543 1.81018741 948.023
42.26755698 1.81029595 944.657
42.26756344 1.81030392 944.532
42.26758682 1.81034759 944.749
42.26761515 1.81040375 945.261
42.26768908 1.81046628 943.236
42.26776217 1.81050466 940.421
42.26777248 1.81050659 939.866
42.26785161 1.81056418 939.22
42.26797189 1.81067465 938.718
42.26800868 1.81070549 938.236
42.26812745 1.81074145 933.993
42.26819686 1.81080406 932.532
42.26823298 1.81090632 932.061
42.26828629 1.81103624 929.766
42.26830012 1.81116499 928.915
42.26834731 1.81128544 925.869
42.26836056 1.81138242 925.043
42.26830381 1.81149532 923.24
42.26823172 1.81152960 924.397
42.26817272 1.81158660 923.763
42.26812569 1.81170453 920.314
42.26813349 1.81180168 917.83
42.26812703 1.81184133 916.978
42.26812050 1.81202430 914.006
42.26813382 1.81214877 913.266
42.26814020 1.81221088 912.974
42.26814405 1.81222572 912.906
42.26820406 1.81240627 910.554
42.26821848 1.81246569 909.588
42.26821152 1.81250852 908.87
42.26821144 1.81257407 907.868
42.26821379 1.81259695 907.507
42.26823550 1.81268404 905.958
42.26819510 1.81270810 905.996
42.26820264 1.81274833 905.319
42.26825301 1.81278052 904.145
42.26829526 1.81278345 903.537
42.26831722 1.81276979 903.398
42.26843222 1.81267901 904.603
42.26854781 1.81259536 904.163
42.26868628 1.81256309 903.448
42.26871067 1.81258363 903.806
42.26871117 1.81262780 904.426
42.26869809 1.81270198 905.236
42.26865954 1.81276979 905.151
42.26861109 1.81288336 908.181
42.26855158 1.81298336 910.182
42.26847841 1.81310590 910.914
42.26846474 1.81311881 910.702
42.26839718 1.81322048 910.46
42.26830574 1.81340354 910.933
42.26824673 1.81359063 913.706
42.26823340 1.81361846 913.878
42.26818127 1.81371770 914.836
42.26817205 1.81373840 915.139
42.26811564 1.81380060 914.6
42.26808563 1.81384075 914.628
42.26805788 1.81387042 914.386
42.26801069 1.81395449 915.17
42.26800592 1.81397133 915.594
42.26788916 1.81408726 916.463
42.26777659 1.81416311 917.731
42.26766427 1.81420494 913.44
42.26755346 1.81428574 911.26
42.26747710 1.81439722 912.716
42.26747132 1.81440870 912.876
42.26745464 1.81447517 912.979
42.26747911 1.81462755 911.76
42.26749269 1.81465337 911.788
42.26758263 1.81468229 910.344
42.26762119 1.81464784 910.591
42.26766804 1.81458891 911.637
42.26779235 1.81448230 914.621
42.26783895 1.81444902 915.633
42.26792336 1.81444148 915.536
42.26795219 1.81444156 915.439
42.26809057 1.81447559 915.027
42.26822703 1.81455312 915.406
42.26827498 1.81457659 915.444
42.26828713 1.81454617 916.421
42.26830599 1.81460057 915.178
42.26830238 1.81463250 914.253
42.26826467 1.81463644 913.747
42.26824280 1.81479678 912.778
42.26830901 1.81465069 913.817
42.26830867 1.81463518 914.246
42.26837179 1.81464759 915.081
42.26846407 1.81471012 915.623
42.26857161 1.81478706 917.57
42.26860464 1.81481330 917.914
42.26868242 1.81489443 918.716
42.26879792 1.81497021 919.901
42.26888258 1.81501505 920.737
42.26898450 1.81501337 923.92
42.26906413 1.81502469 926.299
42.26913706 1.81508420 927.59
42.26917477 1.81511731 928.231
42.26918433 1.81513323 928.337
42.26927318 1.81522250 930.058
42.26929028 1.81522401 930.676
42.26930360 1.81519761 931.8
42.26928818 1.81518126 931.568
42.26929648 1.81516257 932.328
42.26930763 1.81524086 930.941
42.26934082 1.81531093 930.687
42.26939673 1.81538184 931.227
42.26947627 1.81547656 932.081
42.26954810 1.81556105 933.397
42.26960611 1.81562869 934.734
42.26963938 1.81575526 933.751
42.26970484 1.81588727 933.126
42.26975706 1.81595072 933.369
42.26981750 1.81603597 933.416
42.26989092 1.81611970 933.905
42.26994339 1.81616295 934.808
42.27004926 1.81619698 937.622
42.27012235 1.81625683 938.48
42.27018882 1.81631466 938.853
42.27026065 1.81631014 941.289
42.27032251 1.81631483 942.278
42.27038587 1.81633235 942.44
42.27043851 1.81632497 943.436
42.27051755 1.81624442 948.137
42.27052418 1.81622380 949.186
42.27055728 1.81618055 951.749
42.27061328 1.81619220 951.109
42.27072760 1.81621492 949.604
42.27078276 1.81625691 946.848
42.27084118 1.81625859 946.445
42.27087362 1.81623956 947.665
42.27091762 1.81621944 948.913
42.27096632 1.81617728 951.461
42.27102986 1.81612582 954.414
42.27113044 1.81610453 955.35
42.27122415 1.81607109 956.985
42.27126748 1.81598316 961.131
42.27128793 1.81595609 962.306
42.27136253 1.81586590 965.845
42.27145700 1.81597134 962.753
42.27156362 1.81610009 960.458
42.27163109 1.81618827 960.167
42.27167576 1.81627351 959.787
42.27175246 1.81634300 960.771
42.27176478 1.81638448 960.274
42.27180351 1.81641977 960.932
42.27181138 1.81646160 960.516
42.27182739 1.81649923 960.451
42.27189118 1.81660920 960.95
42.27193401 1.81674357 959.41
42.27197751 1.81684909 957.464
42.27202093 1.81689796 956.854
42.27212504 1.81697700 956.629
42.27218522 1.81699452 957.3
42.27226200 1.81703677 957.866
42.27239116 1.81707641 959.281
42.27242201 1.81708261 959.623
42.27259727 1.81722192 958.864
42.27266977 1.81731555 960.734
42.27273574 1.81733927 961.793
42.27278519 1.81736475 962.417
42.27284898 1.81744127 964.912
42.27293950 1.81750238 970.238
42.27302299 1.81749811 976.574
42.27303682 1.81751043 977.529
42.27305392 1.81759290 978.223
42.27304671 1.81765677 977.346
42.27299751 1.81782969 973.553
42.27298527 1.81789113 972.295
42.27298787 1.81790890 972.15
42.27302550 1.81801309 971.427
42.27302676 1.81810177 970.592
42.27303908 1.81816857 970.512
42.27304403 1.81817746 970.509
42.27305115 1.81825273 970.288
42.27302098 1.81838659 969.813
42.27301033 1.81838717 969.87
42.27301167 1.81839782 969.804
42.27301796 1.81842674 969.599
42.27301779 1.81844442 969.499
42.27298837 1.81850729 969.444
42.27296616 1.81862874 969.476
42.27298762 1.81870468 969.899
42.27299390 1.81871256 969.861
42.27307680 1.81870661 968.972
42.27317755 1.81869303 970.116
42.27326908 1.81863033 969.942
42.27335022 1.81852229 971.853
42.27335416 1.81840830 973.382
42.27335868 1.81837988 973.817
42.27339867 1.81830721 975.306
42.27344527 1.81823186 976.479
42.27343387 1.81815902 977.169
42.27343320 1.81805743 978.184
42.27351425 1.81796431 982.183
42.27355055 1.81792206 984.488
42.27358282 1.81791645 984.667
42.27363286 1.81793287 983.992
42.27372807 1.81795450 985.242
42.27383587 1.81800873 985.076
42.27390761 1.81806296 984.574
42.27398322 1.81814376 985.399
42.27403862 1.81818827 986.033
42.27410023 1.81825541 985.863
42.27418212 1.81826555 987.565
42.27423426 1.81829589 986.867
42.27431070 1.81830780 987.004
42.27436828 1.81829874 987.787
42.27449225 1.81829765 988.342
42.27457599 1.81825181 989.173
42.27461815 1.81821970 989.311
42.27468135 1.81811744 989.111
42.27471546 1.81802784 989.151
42.27475855 1.81795567 991.41
42.27485444 1.81787018 992.733
42.27489492 1.81788619 992.29
42.27494772 1.81797076 992.397
42.27496466 1.81799800 992.751
42.27497111 1.81804477 993.273
42.27498880 1.81808651 994.293
42.27505778 1.81802826 994.19
42.27506549 1.81802365 994.194
42.27511226 1.81801057 994.434
42.27515283 1.81799674 994.571
42.27538174 1.81802139 997.149
42.27544737 1.81796363 996.842
42.27554812 1.81795551 997.837
42.27561744 1.81787127 998.933
42.27565390 1.81784310 1000.121
42.27569229 1.81777597 1001.946
42.27566346 1.81770757 1002.121
42.27565591 1.81767119 1002.531
42.27571794 1.81761160 1006.706
42.27578189 1.81760841 1009.82
42.27574987 1.81755250 1009.584
42.27572640 1.81749031 1009.825
42.27566522 1.81743658 1008.083
42.27562725 1.81738369 1007.639
42.27563035 1.81730758 1009.752
42.27568206 1.81725109 1013.32
42.27569330 1.81719962 1015.069
42.27571291 1.81716476 1016.604
42.27575406 1.81710550 1018.84
42.27580000 1.81705789 1020.194
42.27585699 1.81697398 1022.74
42.27586940 1.81690299 1024.55
42.27593151 1.81687877 1030.139
42.27596529 1.81684926 1033.635
42.27600225 1.81678237 1038.486
42.27601164 1.81674072 1040.41
42.27603150 1.81670962 1043.092
42.27601466 1.81673636 1040.802
42.27596261 1.81675153 1035.632
42.27597878 1.81674834 1037.192
42.27601181 1.81673150 1040.664
42.27601952 1.81671331 1041.863
42.27598163 1.81677592 1036.792
42.27597049 1.81676201 1036.111
42.27594559 1.81673384 1034.455
42.27590695 1.81665254 1032.624
42.27591441 1.81671373 1031.956
42.27591919 1.81674256 1031.83
42.27587887 1.81676586 1027.705
42.27586781 1.81677240 1026.592
42.27585305 1.81680920 1024.682
42.27580964 1.81684264 1022.949
42.27578114 1.81691732 1021.95
42.27575792 1.81700055 1020.628
42.27572406 1.81710868 1018.172
42.27570126 1.81711547 1017.53
42.27568701 1.81722100 1014.24
42.27564426 1.81728051 1011.035
42.27566647 1.81729845 1011.526
42.27569388 1.81727917 1013.144
42.27566639 1.81724765 1012.766
42.27567393 1.81726693 1012.606
42.27565440 1.81727372 1011.629
42.27561534 1.81735871 1007.754
42.27558224 1.81738688 1005.485
42.27563965 1.81743960 1006.78
42.27568743 1.81746433 1008.491
42.27572833 1.81752183 1009.217
42.27572045 1.81754814 1008.238
42.27572112 1.81756424 1007.913
42.27568257 1.81759617 1005.354
42.27565323 1.81762936 1003.267
42.27561040 1.81763682 1001.107
42.27561694 1.81768695 1000.431
42.27553261 1.81776775 995.779
42.27553530 1.81785048 996.478
42.27548710 1.81792659 996.771
42.27542658 1.81799465 997.108
42.27539088 1.81802491 997.287
42.27538442 1.81802231 997.188
42.27528661 1.81800814 996.056
42.27523640 1.81802332 995.891
42.27529054 1.81809758 998.172
42.27534805 1.81818835 1001.215
42.27539021 1.81828667 1004.644
42.27542625 1.81833588 1006.718
42.27541996 1.81840075 1007.773
42.27546615 1.81842053 1008.96
42.27549615 1.81836831 1008.56
42.27554661 1.81831014 1008.012
42.27557821 1.81825264 1006.258
42.27560135 1.81824267 1006.066
42.27566094 1.81826865 1007.43
42.27573546 1.81830671 1009.337
42.27576831 1.81834828 1011.131
42.27578860 1.81837158 1012.291
42.27585163 1.81835080 1011.85
42.27589346 1.81832850 1010.898
42.27595758 1.81834652 1011.787
42.27606269 1.81831542 1011.367
42.27611457 1.81831400 1011.905
42.27613645 1.81831115 1013.762
42.27619797 1.81833772 1018.043
42.27628314 1.81838005 1024.615
42.27638313 1.81843026 1028.254
42.27637751 1.81844107 1027.597
42.27643224 1.81844434 1029.179
42.27645806 1.81844124 1030.15
42.27646150 1.81844727 1029.96
42.27670632 1.81849605 1033.395
42.27676439 1.81846362 1034.266
42.27678095 1.81844099 1034.825
42.27677390 1.81844911 1034.659
42.27681942 1.81843931 1034.203
42.27693348 1.81842003 1032.237
42.27697338 1.81849253 1034.585
42.27705133 1.81855171 1039.664
42.27707648 1.81865783 1040.864
42.27718143 1.81862581 1044.683
42.27721409 1.81879671 1042.529
42.27726442 1.81877811 1045.639
42.27730095 1.81885396 1042.555
42.27732659 1.81885220 1043.257
42.27731243 1.81874190 1051.781
42.27735984 1.81887332 1041.697
42.27736155 1.81887684 1041.326
42.27737721 1.81889663 1040.608
42.27742121 1.81887751 1041.665
42.27747453 1.81889310 1040.225
42.27756668 1.81891615 1044.594
42.27763070 1.81892470 1048.006
42.27770809 1.81893468 1051.898
42.27780853 1.81896368 1057.075
42.27784527 1.81899327 1059.08
42.27787502 1.81897785 1060.851
42.27790033 1.81897701 1062.3
42.27791911 1.81897743 1063.364
42.27793420 1.81908027 1062.508
42.27794208 1.81918572 1063.024
42.27795054 1.81916786 1061.698
42.27799094 1.81918136 1063.79
42.27801114 1.81916141 1063.701
42.27804911 1.81919192 1065.434
42.27807686 1.81915127 1066.943
42.27809144 1.81922176 1068.542
42.27813603 1.81930441 1072.905
42.27814720 1.81921991 1072.166
42.27811399 1.81916107 1069.165
42.27810896 1.81910232 1070.604
42.27814391 1.81911145 1072.643
42.27816462 1.81916770 1072.476
42.27817535 1.81927716 1074.894
42.27823125 1.81929099 1078.571
42.27823669 1.81926107 1078.542
42.27821030 1.81914439 1076.172
42.27822128 1.81910031 1078.058
42.27824567 1.81904465 1081.055
42.27824072 1.81898681 1082.198
42.27824232 1.81896578 1082.825
42.27823201 1.81894004 1082.857
42.27823754 1.81891247 1083.885
42.27823402 1.81887793 1087.595
42.27825950 1.81887182 1090.819
42.27831834 1.81885103 1099.893
42.27836721 1.81888875 1092.358
42.27840828 1.81885472 1105.253
42.27845522 1.81889411 1098.249
42.27848824 1.81898086 1099.163
42.27851875 1.81903853 1100.529
42.27853384 1.81906166 1101.329
42.27854817 1.81913576 1101.425
42.27855362 1.81920885 1101.63
42.27857583 1.81930927 1103.784
42.27858338 1.81939837 1104.721
42.27861322 1.81948034 1106.457
42.27862621 1.81955142 1105.773
42.27868748 1.81958411 1107.92
42.27869595 1.81960238 1107.912
42.27868530 1.81962149 1107.042
42.27874951 1.81967597 1108.562
42.27882092 1.81969022 1111.145
42.27891631 1.81966910 1115.315
42.27903181 1.81967354 1118.454
42.27908512 1.81964102 1121.316
42.27921021 1.81972127 1120.986
42.27934325 1.81969423 1125.253
42.27939691 1.81968864 1126.745
42.27945850 1.81970452 1126.861
42.27955185 1.81973112 1124.764
42.27969283 1.81971481 1124.66
42.27980205 1.81963412 1128.151
42.27995890 1.81967145 1123.543
42.28016338 1.81951566 1130.284
42.28042342 1.81945644 1128.886
42.28060409 1.81917190 1140.956
42.28081650 1.81901611 1138.205
42.28091779 1.81866721 1143.201
42.28099526 1.81828075 1147.856
42.28116401 1.81764753 1152.464
42.28121370 1.81732008 1155.568
42.28128324 1.81716429 1155.334
42.28130515 1.81695486 1158.8
42.28142628 1.81668642 1162.9
42.28168235 1.81644480 1171.115
42.28187889 1.81659479 1172.114
42.28188978 1.81660518 1172.136
42.28194737 1.81663527 1173.319
42.28196749 1.81663125 1174.77
42.28204452 1.81665304 1178.756
42.28206069 1.81667291 1179.104
42.28207854 1.81669177 1180.092
42.28212674 1.81670509 1182.668
42.28215080 1.81672496 1183.651
42.28218039 1.81673845 1184.878
42.28220511 1.81676159 1185.493
42.28221148 1.81677366 1185.455
42.28223126 1.81680241 1185.144
42.28224333 1.81681682 1184.756
42.28227116 1.81682755 1184.477
42.28229639 1.81684205 1183.963
42.28234576 1.81685287 1183.471
42.28240033 1.81682613 1184.847
42.28245825 1.81682428 1185.105
42.28253058 1.81677894 1188.674
42.28258288 1.81680819 1187.373
42.28263393 1.81681850 1187.37
42.28268288 1.81680358 1188.925
42.28268531 1.81677835 1190.5
42.28268204 1.81668615 1196.116
42.28271549 1.81669277 1195.985
42.28277424 1.81673250 1194.173
42.28280811 1.81669009 1195.725
42.28283350 1.81666159 1196.275
42.28292151 1.81657257 1198.257
42.28295387 1.81645690 1203.945
42.28298689 1.81636051 1209.352
42.28302972 1.81631475 1211.908
42.28307683 1.81627200 1214.606
42.28314456 1.81628667 1213.279
42.28321371 1.81625247 1215.477
42.28324388 1.81625406 1215.216
42.28330406 1.81629505 1212.444
42.28335134 1.81627636 1214.09
42.28336441 1.81623856 1216.648
42.28333432 1.81620771 1217.466
42.28330700 1.81618843 1218.836
42.28332259 1.81619288 1218.404
42.28337003 1.81623747 1216.887
42.28336701 1.81624451 1216.398
42.28333147 1.81617066 1219.593
42.28334564 1.81612046 1222.778
42.28339132 1.81613135 1223.356
42.28344706 1.81615373 1223.662
42.28351797 1.81616689 1224.974
42.28354597 1.81610788 1228.561
42.28361009 1.81615239 1228.189
42.28366264 1.81621886 1226.53
42.28374101 1.81622724 1227.985
42.28380933 1.81624627 1228.79
42.28386272 1.81627502 1228.888
42.28396003 1.81628625 1230.507
42.28404343 1.81632405 1230.776
42.28411610 1.81633377 1231.928
42.28417042 1.81629715 1234.348
42.28424476 1.81629027 1235.493
42.28432272 1.81629270 1236.343
42.28437586 1.81626521 1238.047
42.28444576 1.81624476 1239.698
42.28455640 1.81623386 1239.333
42.28460435 1.81619530 1240.515
42.28465607 1.81615105 1241.895
42.28472614 1.81607980 1244.309
42.28477869 1.81601467 1246.486
42.28483410 1.81596396 1247.935
42.28490853 1.81595198 1247.478
42.28498883 1.81594251 1246.822
42.28504264 1.81590772 1247.747
42.28507298 1.81587076 1248.993
42.28509846 1.81585240 1249.536
42.28514926 1.81579716 1251.608
42.28518882 1.81573648 1254.048
42.28523391 1.81571108 1254.736
42.28532117 1.81567219 1254.777
42.28537423 1.81563422 1254.922
42.28544891 1.81555191 1256.229
42.28551152 1.81548611 1257.268
42.28554941 1.81543540 1258.368
42.28561512 1.81534823 1259.812
42.28567581 1.81529283 1260.021
42.28571294 1.81523457 1261.688
42.28576843 1.81521169 1261.032
42.28580363 1.81522074 1259.311
42.28582651 1.81519174 1260.186
42.28591276 1.81510130 1262.568
42.28596431 1.81515930 1258.329
42.28594294 1.81522150 1256.024
42.28593355 1.81515042 1259.569
42.28595132 1.81514790 1259.193
42.28594738 1.81515276 1259.08
42.28600807 1.81507154 1260.627
42.28606632 1.81500751 1260.684
42.28612985 1.81493157 1261.425
42.28612508 1.81484884 1264.639
42.28613916 1.81475890 1267.557
42.28619901 1.81471565 1266.756
42.28625097 1.81464616 1267.2
42.28628852 1.81455212 1269.098
42.28633999 1.81445262 1270.642
42.28641434 1.81441625 1269.714
42.28647251 1.81438448 1269.76
42.28658400 1.81433855 1268.724
42.28669550 1.81433554 1267.168
42.28681493 1.81438617 1268.619
42.28687880 1.81437243 1269.944
42.28690299 1.81429432 1269.991
42.28699067 1.81413037 1270.898
42.28707042 1.81405226 1273.94
42.28715810 1.81395269 1276.635
42.28721404 1.81397113 1277.551
42.28729379 1.81390375 1279.262
42.28730210 1.81362179 1281.493
42.28739772 1.81347930 1284.511
42.28747747 1.81335827 1286.626
42.28754928 1.81320505 1288.893
42.28758934 1.81313767 1290.243
42.28771671 1.81308101 1293.426
42.28777264 1.81306727 1294.763
42.28782064 1.81295697 1295.717
42.28786864 1.81288959 1296.44
42.28794839 1.81279001 1297.484
42.28801226 1.81266898 1298.89
42.28807613 1.81252650 1300.504
42.28811619 1.81249130 1301.757
42.28820388 1.81246683 1304.2
42.28818838 1.81228143 1303.483
42.28824432 1.81213894 1305.274
42.28826057 1.81216811 1305.191
42.28826095 1.81189688 1308.593
42.28832482 1.81180804 1310.513
42.28838869 1.81171920 1313.689
42.28845256 1.81163035 1316.165
42.28846883 1.81155550 1317.913
42.28846610 1.81147815 1319.655
42.28850305 1.81135789 1321.771
42.28846858 1.81126981 1325.67
42.28835473 1.81125683 1329.178
42.28830439 1.81128677 1329.614
42.28819848 1.81127379 1333.513
42.28824337 1.81111061 1337.936
42.28831208 1.81107618 1337.198
42.28834903 1.81087008 1344.862
42.28837805 1.81078201 1347.208
42.28843882 1.81070466 1347.659
42.28847964 1.81064196 1348.26
42.28855424 1.81057164 1347.719
42.28856647 1.81045244 1351.659
42.28857117 1.81041623 1352.814
42.28862708 1.81036737 1352.89
42.28861450 1.81030375 1355.089
42.28862347 1.81023049 1358.434
42.28870008 1.81014734 1362.462
42.28873269 1.81006486 1365.929
42.28881760 1.81003704 1366.399
42.28889437 1.80998893 1367.514
42.28896051 1.80994190 1371.45
42.28896813 1.80987275 1373.369
42.28892405 1.80983026 1372.642
42.28890108 1.80975038 1373.738
42.28897140 1.80972766 1376.845
42.28896352 1.80966136 1378.525
42.28900208 1.80959933 1381.417
42.28904575 1.80959615 1382.648
42.28907065 1.80955030 1384.303
42.28907559 1.80948157 1385.891
42.28911532 1.80951585 1385.947
42.28916620 1.80952163 1386.879
42.28921448 1.80952088 1388.009
42.28927801 1.80948794 1390.054
42.28932763 1.80943429 1392.289
42.28937047 1.80939180 1394.108
42.28941003 1.80934151 1395.612
42.28943626 1.80931091 1396.349
42.28945303 1.80929557 1396.365
42.28943367 1.80927035 1396.803
42.28941196 1.80927160 1396.63
42.28942830 1.80929583 1396.447
42.28941849 1.80932139 1396.006
42.28946602 1.80924352 1396.618
42.28947482 1.80917027 1397.299
42.28949661 1.80911939 1398.129
42.28962301 1.80892618 1401.316
42.28966509 1.80882024 1404.389
42.28966442 1.80873550 1407.562
42.28963726 1.80863047 1411.603
42.28965981 1.80854171 1414.005
42.28971320 1.80851614 1414.139
42.28975712 1.80841145 1414.986
42.28979509 1.80834523 1415.097
42.28982912 1.80825848 1415.706
42.28986584 1.80817475 1416.275
42.28986349 1.80801247 1420.256
42.28988671 1.80787191 1424.187
42.28990716 1.80779144 1426.544
42.28991261 1.80772539 1428.582
42.28997287 1.80773587 1427.636
42.29000732 1.80763554 1430.518
42.29005971 1.80753529 1433.505
42.29011570 1.80748282 1435.192
42.29016574 1.80744518 1436.415
42.29015971 1.80741962 1437.362
42.29014797 1.80741007 1437.726
42.29018519 1.80738576 1438.583
42.29020841 1.80732088 1441.021
42.29025233 1.80729205 1442.189
42.29029708 1.80727151 1442.549
42.29027244 1.80727000 1443.095
42.29030916 1.80718618 1445.276
42.29035257 1.80710966 1446.575
42.29038476 1.80703783 1448.126
42.29041359 1.80697572 1449.545
42.29042592 1.80692249 1451.003
42.29041837 1.80695308 1450.189
42.29044545 1.80691646 1450.828
42.29050303 1.80682442 1452.484
42.29057369 1.80672795 1453.786
42.29060680 1.80663792 1455.92
42.29065181 1.80657322 1457.532
42.29069154 1.80650935 1459.546
42.29073822 1.80646274 1461.075
42.29077879 1.80639477 1463.921
42.29087091 1.80634707 1465.26
42.29092942 1.80628127 1467.409
42.29094526 1.80624699 1468.606
42.29094392 1.80620307 1470.155
42.29094266 1.80613861 1472.425
42.29100661 1.80609964 1474.078
42.29106571 1.80608279 1474.958
42.29110032 1.80598590 1478.92
42.29116302 1.80595824 1479.905
42.29120392 1.80594885 1480.204
42.29124768 1.80591700 1481.586
42.29132068 1.80586729 1484.041
42.29136561 1.80582077 1486.451
42.29141976 1.80579328 1487.381
42.29148782 1.80574659 1488.568
42.29155311 1.80570158 1489.638
42.29163358 1.80565330 1490.564
42.29168580 1.80560905 1492.126
42.29178655 1.80555548 1494.866
42.29194388 1.80549941 1497.816
42.29198847 1.80550578 1498.609
42.29202619 1.80550955 1499.356
42.29205175 1.80552388 1499.554
42.29205150 1.80549975 1500.196
42.29202845 1.80555590 1498.116
42.29201898 1.80556118 1497.856
42.29202158 1.80559572 1497.791
42.29205544 1.80552741 1499.547
42.29203641 1.80552414 1499.186
42.29204672 1.80552296 1499.461
42.29206240 1.80551148 1500.131
42.29209869 1.80545482 1502.345
42.29212308 1.80540637 1503.954
42.29220732 1.80535968 1506.301
42.29225887 1.80533906 1507.995
42.29231746 1.80534317 1509.707
42.29233473 1.80531308 1510.508
42.29236951 1.80529489 1511.6
42.29240622 1.80525499 1513.103
42.29242844 1.80520185 1514.642
42.29244201 1.80515139 1515.834
42.29247848 1.80511141 1517.085
42.29250798 1.80507126 1518.211
42.29254905 1.80504377 1519.81
42.29258568 1.80500647 1521.382
42.29262868 1.80497504 1523.265
42.29265978 1.80489784 1525.642
42.29273194 1.80490949 1526.98
42.29278458 1.80495249 1527.68
42.29279380 1.80497546 1527.664
42.29286220 1.80495115 1529.602
42.29289858 1.80490815 1530.892
42.29295147 1.80493690 1531.916
42.29309748 1.80491276 1535.637
42.29315146 1.80491444 1536.926
42.29317560 1.80490304 1537.572
42.29320343 1.80487001 1538.413
42.29326579 1.80484403 1539.996
42.29331818 1.80481436 1541.323
42.29333947 1.80480966 1541.826
42.29339814 1.80481226 1543.158
42.29349428 1.80479491 1545.491
42.29357374 1.80480623 1547.232
42.29360391 1.80483389 1547.633
42.29362303 1.80485585 1547.963
42.29366007 1.80492391 1548.536
42.29370634 1.80496247 1549.787
42.29371782 1.80499666 1549.873
42.29370626 1.80509004 1550.5
42.29367726 1.80517922 1550.655
42.29368555 1.80523404 1551.599
42.29374356 1.80525298 1553.542
42.29380625 1.80525986 1555.453
42.29385629 1.80522230 1556.615
42.29388345 1.80517805 1557.111
